0.40095773 -0.02992036 -0.06644178  0.41885273 -0.27371047 -1.61161396
-1.81000065 -2.25954375 -0.42698873 -0.50744316  0.90289065  1.11692438
1.34122221  2.84325700  2.23879814  2.87136308  0.31243693  0.04265637
0.99907159 -0.30572765 -0.66792868 -1.25381244 -0.55822371  0.31212690
1.49306118 -0.58046348 -0.41961706 -0.67149581 -1.10036122 -2.04545272
-0.24843312 -1.49191720 -2.99076425 -2.53647150 -1.61800364 -1.69814491
-1.44161670 -0.79157341  0.07991536  0.04816692  0.75341859  0.50089300
0.28004943  2.36395118  2.74631932  1.34775402  0.26375853  0.52863578
-1.19460383 -2.22948624 -1.43681167 -1.89504734 -2.95696521 -0.79396223
-0.87496071 -1.38659931 -1.86091907  1.66242624  1.36425865  0.35006604
1.05004521 -0.43314495 -0.92254502 -0.56412927 -1.06921704  1.91536118
0.44630365  1.77220770  1.08325739  1.21098974 -0.28389595 -1.25024306
0.92293096  1.23787988  1.25224704  2.25922675  0.77726286  0.89376903
2.08517237  0.67561125 -0.02560779 -0.19469005 -0.96127466 -0.20751438
0.19327180 -0.85137299 -0.36866628 -0.98542359  0.29389864  0.91827566
0.10923981  1.06751353  3.02341153  3.00219955  3.18640229  3.33044925
0.36666091  1.31760421  1.98291525  1.75334059
