-1.24604061
-0.36013917
-0.08803592
-0.4324999
-0.95099148
0.33877183
0.16895651
-0.39170352
0.16933296
0.13348167
0.26643
0.94452748
-0.09669055
1.21499681
-0.08691874
1.14988515
-0.29269993
-0.72683542
0.89050863
0.66057805
-0.82425125
-0.94417956
0.16522461
1.63740301
0.17080882
-0.693585
-0.30119209
-0.30210199
-0.47658337
0.01737016
-0.8109213
0.72404032
0.85681428
-1.16149351
0.11327497
0.4258099
0.88060657
-0.29267474
-0.63997451
-0.53064367
-0.16585923
-0.39392531
-0.66001032
0.16761505
-0.32666784
0.24730626
-0.46863342
0.56562237
-0.18524241
-0.38037995
0.47745449
-0.08824568
0.26450377
0.12319607
0.07911741
0.39465081
-0.3331583
-0.28141783
-0.47669582
0.10612896
-0.43407075
-0.03551767
-0.25788107
0.00890353
-0.240674
0.24957674
-0.45505321
-0.36733455
0.87578755
-1.04647438
-0.42348128
0.25250261
0.70005671
-0.01788909
-0.90758587
0.04512432
0.0360848
-0.41576343
0.54195779
0.77171955
-0.34025821
-0.58471808
0.91603694
-0.27751685
2.28652287
1.22786408
-2.03722893
0.31748858
0.71068516
-1.39098994
0.22138597
2.04008301
-0.62598013
1.60058788
2.45858433
1.69397059
2.88110819
0.26365213
-2.36558885
-2.40616842
0.63402231
1.15751602
-1.57418329
0.35843826
2.79790167
-0.2024866
1.23284266
0.18402213
-0.39245575
-1.93661605
0.44899867
-1.37786154
0.21448614
-0.90228666
-2.57741885
0.82423885
0.48961773
0.10941381
2.21288457
-1.10864046
1.24019779
0.42636995
0.53041864
-0.01627869
-0.41600452
-0.0899538
0.05725269
-1.12651769
-1.10590243
0.50041806
0.86975077
-0.82816208
0
0.08312552
1.00038038
-0.81774709
-0.09127495
-0.04982147
-0.43282904
-0.64438066
-0.80924323
0.21981747
0.19405195
-0.31235516
-0.86617389
-0.07678854
-0.27350444
-0.16274791
-0.40372859
-0.14643183
0.73858117
1.17388214
0.3124079
-0.20253171
0.28679902
-0.93086904
-0.17018384
-0.12782822
0.87448025
-0.0930272
0.76699773
0.41893652
-0.50293484
0.55308949
-0.38516333
0.51044
-1.12473907
-0.35515004
-0.45848272
-0.33243861
0.47700261
-0.34048382
-0.46149984
-0.14572888
-0.42123424
0.07750269
-0.06888832
0.3096244
-0.34408636
0.06891205
-0.52665781
-0.60779904
-0.16561346
-0.37582529
-0.15774256
-0.86321332
-0.71914013
0.74567589
-1.12955352
-0.31355009
0.51906327
-0.32185991
1.31662786
-0.9590696
-0.87829925
0.04499843
0.7083008
0.99565228
-0.31895128
0.23930878
-0.5859912
-0.59840307
0.0447808
0.99787
-0.37303534
0.13338671
-0.77613129
-0.26903433
-0.30578313
-0.24349563
-0.01806032
0.5583588
-0.017963
-0.27883985
-0.20738477
1.78025008
0.36288043
-0.21225797
1.354224
-0.87727556
-0.11461319
-0.6993345
1.04278075
0.42109019
-0.39472004
1.88923044
-0.60553818
0.62278551
-0.71827577
-0.18255319
-0.94414549
-0.46661175
-0.1589685
1.28218144
-0.57758102
0.38542444
0.19215658
-0.48985402
1.25480908
-0.19069088
0.02602472
-0.2344667
0.44242102
-0.11258824
-0.45162488
0.17394334
-0.15653538
-0.0870701
-0.13947004
-1.01701736
-0.73409431
-0.48943368
0.44503856
-0.57000511
0.24086724
0.19583414
0.05334282
-0.50790931
-0.46561689
0.0538358
0.25085123
-0.08951751
-0.56581048
0.97692912
0.25831752
-0.27615714
-0.25903279
-0.18799522
-0.14347205
-0.05385513
0.68894828
-0.41100844
-0.84517676
-0.2531418
0.37947281
0.72779871
1.03314065
-0.5152361
-0.31220756
0.08930167
-0.25919485
-0.47544382
0.53806963
0.84606641
-0.31977288
0.63852647
-0.41635353
0.19510471
-0.04430857
-0.73840467
-0.47437995
0.41185482
-0.10727696
-0.2148998
0.55421613
0.21371335
0.48804392
0.45043132
-0.35310771
0.39715864
-0.76926857
-0.15101047
-0.34729987
0.31173483
-0.31173483
-0.60844855
0.01794849
-0.37759642
-0.54190884
-0.68154201
-0.51193091
-0.41328065
0.33076105
-0.31235671
0.15630031
-0.50656337
0.97400384
-0.53176984
-0.09197094
0.28483503
-0.1377221
0.28441691
-0.85568908
-0.17572259
0.0370199
0.05550416
0.46134055
-0.62794555
-0.77184556
0.02800205
-0.60847368
0.35617246
0.56911102
0.76919892
-0.07388253
-0.69531639
0.94445146
0.15654499
0.40404095
-0.24774064
-0.05513692
-0.15638658
-0.31350879
1.38489855
-0.41071568
0.76530986
-1.23283603
-0.53436648
-0.21269717
-0.09261833
-0.42715266
0.566048
-0.06479382
0.18501393
-0.1757551
0.25889982
-0.02770723
0.30435809
-0.30435809
0.04617445
0.62586491
-0.36768127
0
-0.64671327
-0.46451217
0.27896615
0.17627689
0.62835173
-0.19362875
-0.62028621
-0.84868777
-0.1030783
-0.29106635
0.26293564
-0.272339
0.06580494
-0.66946646
0.07565728
0.81909793
-0.55474732
-0.20764519
-0.02834869
0.26427576
-0.11317553
-0.41607625
-0.06635386
-0.25634954
0.40795085
-0.48403264
-0.10470707
0.16177384
0.26588184
-0.38004796
0.02855375
0.90944166
0.12252016
0.53543879
1.4047396
0.51598751
-0.74720148
0.16652793
-0.30551336
-0.79125384
0.14008875
0.23304602
1.23995296
-0.33161416
-0.53659117
0.38885337
0.38734716
-0.42431574
-0.72363244
-0.22371374
-0.44893454
-0.51689415
0.16005276
0.54414244
0.56911102
-0.28881559
0.30742024
0.20442304
2.79181557
0.77331561
-0.34994876
2.17834797
0.99764545
0.13053128
2.56699505
-1.17658447
2.52363295
-1.91655999
-0.16209533
0.19618721
0.3912235
1.34060437
-0.30196299
0.07557627
-1.08027044
-0.60428287
-0.59078043
0.18874405
-0.92999895
0.00865089
-1.34990075
0.44617545
-1.20308806
1.15070003
0.20938762
-1.13946364
-0.47715916
0.29186772
-1.52172013
-0.92789279
0.46051822
0.35971262
0.69773966
0.71945951
-1.7138686
0.55665434
0.36641535
-0.3216586
1.49229986
-0.66345504
-0.31112519
0.25785814
0.92810142
-0.52044399
0.72259743
0.15792248
0.40245024
0.58329509
0.56265026
0.54233336
-0.90552988
-0.77401787
-0.20975362
-1.48960491
0.47838504
-0.15035602
0.12383903
-0.45186804
0.46954682
1.32580194
0.03488271
0.61715177
0.19045976
0.58641079
-0.37904939
1.38855407
-1.07831597
-1.2554821
0.7378826
-0.50290577
0.3990636
0.32846429
-0.24192167
-0.36398342
0.34668088
-0.43353922
-0.19135432
0.35632072
0.88098687
0.06017623
-0.61204449
0.19004843
-0.04316112
-0.8584488
0.55579822
-0.79993471
-0.32352584
-0.41248029
-0.24654411
-0.74330048
-0.34699087
0.10689472
0.36436388
-0.35546114
0.26671424
-0.70388316
-0.00894174
0.2233041
-0.18754192
-0.25956604
-0.01792597
0.73234229
-0.16921231
0.1781103
-0.21377046
0.92305617
-0.55814098
-0.18674142
-0.08013891
0.30241062
0.26607555
-0.28383911
0.29269612
-0.40823628
-0.51711955
-0.2864562
0.26857671
0.39261226
0.16906175
-0.5795567
-0.04472072
0.55312836
-0.22266765
0.40932607
0.15084967
-0.16861166
-0.32025648
0.23139918
0.40809141
-0.00885387
0.52104149
0.5533854
-0.65032306
0.1145526
0.12321776
-0.34362781
-0.45114854
-0.54229586
0.68405188
-0.19496639
0.38955339
0.57271402
0.12292565
0.08771161
-0.50980158
0.32551826
0.17551562
-0.28097305
0.07031731
0.11416028
0.00877616
0.1140201
0.04381929
-0.44786024
-0.08805143
-0.45912141
-0.22148403
0.13294928
0.20351288
0.63441926
-0.25504609
0.42179324
0.18397657
0.35821977
0.22650066
0.42547713
1.00009455
-0.24048796
0.84771668
-0.33309165
-0.48883078
0.83044867
0.6458763
0.4226549
-0.90667062
0.12759986
0.33947245
-0.22052596
0.36445351
-0.16087383
-0.73142017
0.33235362
-0.81151942
0.3937687
-0.17957164
-0.17989468
-0.06003688
-0.7319101
-0.06916227
-0.45941224
0.052115
0.45052927
0.42268771
-0.28447069
-0.1900977
-0.17313024
-0.76535423
0.06109535
-0.68289532
-0.21986729
-0.07045975
0.24639224
0.28961361
0.22759113
-0.24511962
0.92480157
-0.10426624
-0.28729398
-0.29686567
-0.08748142
-0.30678904
0.18418634
0.47207011
-0.0436167
0.44400021
-0.37422262
-0.7526729
-0.06151413
-0.61723148
-0.36329844
0.46054461
0.2735497
-0.51241388
-0.01771636
-0.04430464
-0.24846938
0.4344171
0.06190582
-0.13270228
0.38876175
0.02645153
0.1057362
-0.3882472
0.42346777
-0.47652755
0.31793721
0.11456269
0.1144316
-0.2907363
0.05292406
0.06170935
-0.32661017
0.18550423
0.25560809
-0.19384974
-0.30917387
-0.08851125
-0.09745294
-0.15967359
0.17739937
-0.99751451
-0.10746911
0.20588111
-0.31346584
0.74177024
-0.36572897
0.13395849
-0.10715243
0.16068563
-0.43802868
-0.43095775
0.09892532
0.11678571
-0.2247091
0.06296946
-0.11697486
0.3505149
-0.02691911
-0.27858926
-0.06301481
-0.29760585
-0.15365846
-0.10860712
-0.09059613
0.08154021
-0.09966929
0.04531654
-0.49050875
-0.10932946
-0.10944912
-0.39317931
-0.07332051
0.14658729
-0.12825212
0.02749645
-0.04583162
-0.48711093
0.35867055
-0.15618543
0.09190332
0.11934819
-0.45981321
0.16577642
0.50484296
-0.47724026
-0.44256019
0.09236169
0.24895131
0.01841621
-0.0552588
-0.12905607
0.2211371
-0.2211371
-0.1107522
0.01846722
0.02769444
-0.17552778
0.13860016
-0.12010904
-0.24991914
-0.21338784
-0.15801463
-0.18621979
0.14900357
-0.19561275
0.02796812
0.17694999
-0.03722662
-0.00930882
-0.09313589
-0.09322272
-0.14933734
